0 0.830508475 -0.547360944 0.103206929 0.552078065 0.833499619 -0.022095151 -0.073928914 0.075328492 0.994414468
1 0.830508475 -0.029645070 -0.556216544 0.332180191 0.827934264 0.451864112 0.447115191 -0.560041092 0.697453927
2 0.898305085 -0.426819339 -0.104274766 0.435485050 0.833420704 0.340239182 -0.058315914 -0.351048689 0.934539497
3 0.864406780 0.079976031 -0.496391734 0.157915609 0.894126060 0.419048027 0.477350584 -0.440615959 0.760259165
4 0.864406780 -0.277944068 -0.418984503 0.299849404 0.953881419 -0.014162397 0.403597887 -0.113390181 0.907882929
5 0.762711864 -0.628261055 -0.153488300 0.644676644 0.757494427 0.102928217 0.051600742 -0.177454895 0.982775215
6 0.966101695 0.081082609 0.245098196 -0.041064118 0.985574858 -0.164182632 -0.254874976 0.148552377 0.955495127
7 0.966101695 0.000000000 0.258161800 -0.067923032 0.964767869 0.254183833 -0.249066210 -0.263102564 0.932063873
8 0.694915254 0.676449699 -0.243943833 -0.487768372 0.692681122 0.531295472 0.528369951 -0.250217242 0.811305446
9 0.932203390 0.231002817 -0.278629752 -0.245504697 0.969231605 -0.017819632 0.265940376 0.085016434 0.960233264
10 0.830508475 -0.541092270 -0.132192394 0.547360944 0.836784605 0.013693839 0.103206929 -0.083729803 0.991129482
11 0.966101695 -0.131059917 0.222420353 0.203057566 0.917800404 -0.341189162 -0.159421266 0.374787563 0.913301233
12 0.830508475 0.541092270 -0.132192394 -0.377823756 0.721630463 0.580085067 0.409273604 -0.431820137 0.803757729
13 0.898305085 -0.426819339 -0.104274766 0.426819339 0.791385020 0.437647120 -0.104274766 -0.437647120 0.893079936
14 0.932203390 -0.215846134 0.290529321 0.231002817 0.972777408 -0.018488206 -0.278629752 0.084347860 0.956687462
15 0.762711864 -0.608387025 -0.219398816 0.644676644 0.742262471 0.182861831 0.051600742 -0.280912180 0.958345298
16 0.966101695 0.218852646 -0.136934417 -0.237847559 0.960792833 -0.142497966 0.100379549 0.170237043 0.980277152
17 0.898305085 -0.345588927 -0.271323180 0.437971535 0.753580627 0.490201155 0.035055801 -0.559182020 0.828303422
18 0.864406780 -0.494086815 0.093161895 0.498344822 0.866516234 -0.028320555 -0.066733482 0.070907228 0.995248114
19 0.966101695 -0.253691503 0.047834471 0.242852874 0.955932381 0.164972010 -0.087578516 -0.147762999 0.985137604
20 0.898305085 -0.160002052 -0.409203272 0.223054265 0.968467826 0.110981375 0.378542956 -0.190969669 0.905668712
21 0.932203390 -0.316607251 0.175375849 0.284680424 0.940621150 0.184902428 -0.223503683 -0.122440599 0.966982111
22 0.966101695 0.203057566 -0.159421266 -0.175114205 0.969182686 0.173262623 0.189690618 -0.139472386 0.971887300
23 0.898305085 -0.431764136 0.081410724 0.426819339 0.901503841 0.071526752 -0.104274766 -0.029505173 0.994110767
24 0.694915254 0.189194855 -0.693756511 0.297137429 0.803001938 0.516620978 0.654829854 -0.565148825 0.501801423
25 0.932203390 0.259310667 -0.252497164 -0.076506739 0.823046359 0.562797840 0.353756355 -0.505324320 0.787085620
26 0.830508475 0.307912948 -0.464160845 -0.059206108 0.877392915 0.476105356 0.553850440 -0.367928376 0.746912579
27 0.864406780 0.277944068 -0.418984503 0.000000000 0.833313919 0.552800065 0.502793118 -0.477844124 0.720322201
28 0.898305085 -0.395132795 -0.192140702 0.431764136 0.874896029 0.219400704 0.081410724 -0.280048232 0.956527721
29 0.796610169 -0.578755277 0.174512369 0.543628223 0.812145388 0.211868412 -0.264349377 -0.073906683 0.961590978
30 0.966101695 -0.232168038 -0.112896045 0.255877799 0.803098469 0.538107239 -0.034264661 -0.548753907 0.835281439
31 0.966101695 0.142711860 -0.215129821 -0.000000000 0.833313919 0.552800065 0.258161800 -0.534061080 0.805065990
32 0.932203390 -0.057570624 -0.357326830 0.000000000 0.987268355 -0.159063496 0.361934856 0.148279530 0.920334907
33 0.830508474 -0.487248279 0.269897738 0.523975684 0.847795496 -0.081806355 -0.188958081 0.209360723 0.959407594
34 0.864406780 -0.498344822 -0.066733482 0.502614933 0.852922378 0.141073192 -0.013384615 -0.155485868 0.987747436
35 0.966101695 -0.175114205 0.189690618 0.119036470 0.954165682 0.274587271 -0.229080409 -0.242699126 0.942666060
36 0.898305085 0.115599966 -0.423892230 0.137996592 0.841717416 0.521985375 0.417138964 -0.527397800 0.740166634
37 0.728813560 0.180149535 -0.660588329 0.215052156 0.855723245 0.470627558 0.650064124 -0.485060690 0.584921158
38 0.762711864 0.298206246 -0.573884698 -0.203125483 0.952904663 0.225194898 0.614011930 -0.055188214 0.787364980
39 0.694915254 0.114381231 -0.709936422 0.152003478 0.941594121 0.300492020 0.702842608 -0.316729294 0.636941773
40 0.830508474 -0.146549704 -0.537381483 0.282772892 0.942129195 0.180089064 0.479890785 -0.301522410 0.823886564
41 0.898305085 0.413317593 -0.149052144 -0.330658713 0.859341921 0.390123415 0.289331627 -0.301164457 0.908618280
42 0.898305085 -0.420664676 0.126843231 0.413317593 0.906991458 0.080839727 -0.149052144 -0.020192199 0.988623150
43 0.898305085 0.314791211 -0.306519932 -0.046702408 0.762089439 0.645785236 0.436883119 -0.565796943 0.699290326
44 0.966101695 -0.258070310 -0.006872402 0.232168038 0.856877722 0.460280971 -0.112896045 -0.446273778 0.887746697
45 0.932203390 -0.215846134 0.290529321 0.166885448 0.968625608 0.184156670 -0.321163646 -0.123186356 0.938977654
46 0.966101695 -0.184961762 -0.180101809 0.237847559 0.908960578 0.342372905 0.100379549 -0.373603819 0.922141059
47 0.830508475 0.088599320 -0.549914388 0.282772892 0.783520610 0.553294628 0.479890785 -0.615016759 0.625667021
48 0.966101695 -0.027440918 0.256699262 -0.041064118 0.965341002 0.257741128 -0.254874976 -0.259545269 0.931490741
49 0.762711864 0.412777049 -0.497881231 -0.328326989 0.910383500 0.251800062 0.557200144 -0.028583050 0.829886142
50 0.796610169 -0.410035010 0.444166105 0.433093351 0.899739085 0.053849125 -0.421713631 0.149468626 0.894324741
51 0.796610169 0.032172452 -0.603636622 -0.064253708 0.997432085 -0.031633802 0.601068797 0.063985699 0.796631741
52 0.966101695 -0.119036470 -0.229080409 0.247169797 0.682666771 0.687657743 0.074529233 -0.720969069 0.688947745
53 0.864406780 -0.341050523 0.369439386 0.320904783 0.939880515 0.116810694 -0.387067229 0.017582910 0.921883833
54 0.762711864 -0.644676644 0.051600742 0.628261055 0.757494427 0.177454895 -0.153488300 -0.102928217 0.982775215
55 0.728813559 0.036441872 -0.683741754 0.144736261 0.967818782 0.205859709 0.669240025 -0.248995572 0.700084991
56 0.762711864 0.581619726 -0.282823455 -0.385693696 0.760089607 0.522976254 0.519144474 -0.289796970 0.804056423
57 0.898305085 -0.023384347 -0.438749527 0.137996592 0.963067952 0.231207828 0.417138964 -0.268241107 0.868355799
58 0.796610169 0.159043756 -0.583195783 -0.127779395 0.987271107 0.094700513 0.590833872 -0.000918987 0.806792719
59 0.932203390 0.019262960 -0.361421884 -0.113675310 0.963634591 -0.241839407 0.343620087 0.266528260 0.900493155
60 0.864406780 -0.395472709 -0.310487126 0.378387404 0.918320227 -0.116236544 0.331094989 -0.017008761 0.943444121
61 0.796610170 -0.568647077 -0.205067646 0.454924043 0.787347664 -0.416086254 0.398065765 0.238168339 0.885900383
62 1.000000000 0.000000000 -0.000000000 0.000000000 0.697631521 0.716456740 0.000000000 -0.716456740 0.697631521
63 0.694915254 -0.676449699 -0.243943833 0.588434687 0.729920453 -0.347794122 0.413324823 0.098142428 0.905279324
64 0.830508474 -0.282772892 0.479890785 0.438113929 0.863657309 -0.249303507 -0.343964910 0.417295512 0.841161457
65 0.728813559 0.490566670 -0.477676813 -0.347604967 0.866131778 0.359146948 0.589916590 -0.095708333 0.801771995
66 0.966101695 -0.081082609 0.245098196 0.142711860 0.958882390 -0.245311816 -0.215129821 0.271974581 0.937949352
67 0.762711864 0.628261055 -0.153488300 -0.486716447 0.713877899 0.503473381 0.425884623 -0.309299841 0.850268132
68 0.932203390 -0.361806590 -0.009634895 0.351594339 0.898931555 0.261349346 -0.085896805 -0.247018321 0.965196192
69 0.830508475 -0.500922244 -0.243582797 0.419186427 0.850056679 -0.318883023 0.366794783 0.162728450 0.915959081
70 0.966101695 0.237847559 0.100379549 -0.242852874 0.969203766 0.040823293 -0.087578516 -0.063816915 0.994111364
71 0.932203390 -0.057570624 -0.357326830 -0.076506739 0.933615721 -0.350012007 0.353756355 0.353620290 0.865915199
72 0.864406780 0.079976031 -0.496391734 0.341050523 0.632154398 0.695748056 0.369439386 -0.770703997 0.519162680
73 0.796610170 -0.568647077 -0.205067646 0.556926985 0.822309118 -0.116790615 0.235041637 -0.021171114 0.971754708
74 0.932203390 0.361806590 -0.009634895 -0.333454918 0.868896484 0.365823342 0.140729022 -0.337808956 0.930634435
75 0.966101695 -0.119036470 -0.229080409 0.175114205 0.954165682 0.242699126 0.189690618 -0.274587271 0.942666060
76 0.966101695 -0.081082609 0.245098196 0.041064118 0.985574858 0.164182632 -0.254874976 -0.148552377 0.955495127
77 0.966101695 0.253691503 0.047834471 -0.237847559 0.802623795 0.547013329 0.100379549 -0.539847816 0.835756114
78 0.728813559 0.249345189 -0.637697242 0.282931425 0.738438460 0.612093498 0.623522738 -0.626526630 0.467636373
79 0.898305085 0.160002051 -0.409203272 0.262027268 0.552506347 0.791251191 0.352689219 -0.818007384 0.454394360
80 0.966101695 0.253691503 0.047834471 -0.250786090 0.966223078 -0.059323700 -0.061268688 0.045316508 0.997092053
81 0.966101695 0.041064118 -0.254874976 0.106675602 0.835541952 0.538971207 0.235091112 -0.547889938 0.802837957
82 0.966101695 0.164770267 -0.198741727 -0.194285025 0.970986188 -0.139424359 0.170002483 0.173310651 0.970083797
83 0.932203390 -0.259310667 -0.252497164 0.272381593 0.962027821 0.017627796 0.238338221 -0.085208271 0.967437049
84 0.966101695 0.250786090 -0.061268688 -0.194285025 0.862570050 0.467146913 0.170002483 -0.439407836 0.882054369
85 0.796610170 -0.278727361 -0.536398449 0.360500116 0.931340114 0.051432076 0.485233866 -0.234343018 0.842396252
86 0.966101695 -0.164770267 -0.198741727 0.247169797 0.812599714 0.527815115 0.074529233 -0.559046030 0.825780195
87 0.966101695 -0.175114205 0.189690618 0.164770267 0.983907150 0.069119305 -0.198741727 -0.035520904 0.979407980
88 0.728813559 0.615769986 -0.299429657 -0.408340006 0.741909255 0.531816789 0.549626451 -0.265326179 0.792157045
89 0.898305085 0.023384347 -0.438749527 0.330658713 0.621597847 0.710127405 0.289331627 -0.782987413 0.550652269
90 0.932203390 0.358732757 -0.048037995 -0.355667637 0.932549465 0.062064702 0.067062448 -0.040771365 0.996915405
91 0.898305085 -0.115599966 -0.423892230 0.384346625 0.674226191 0.630631996 0.212898206 -0.729421477 0.650091273
92 0.898305085 -0.435485050 -0.058315914 0.437971535 0.898108827 0.039767694 0.035055801 -0.061264232 0.997505782
93 0.864406780 0.183097431 -0.468269420 -0.207760243 0.978179226 -0.001040553 0.457860897 0.098187230 0.883585122
94 0.728813559 -0.644108948 -0.232280990 0.515294387 0.739351493 -0.433394814 0.450890775 0.196170926 0.870755119
95 0.830508475 -0.202839622 -0.518759830 0.377823756 0.889469325 0.257086617 0.409273604 -0.409512402 0.815349440
96 0.966101695 -0.184961762 -0.180101809 0.131059917 0.952438358 -0.275108112 0.222420353 0.242178285 0.944393385
97 0.932203390 -0.259310667 -0.252497164 0.360781010 0.721415497 0.591097914 0.028877373 -0.642119661 0.766060336
98 1.000000000 0.000000000 -0.000000000 0.000000000 0.964767869 0.263102564 0.000000000 -0.263102564 0.964767869
99 0.762711864 -0.102872478 -0.638504397 0.203125483 0.975413881 0.085485666 0.614011930 -0.194897446 0.764855761
100 0.932203390 -0.131802405 -0.337083025 0.076506739 0.982049560 -0.172410498 0.353756355 0.134932528 0.925553701
101 0.932203390 -0.166885448 -0.321163646 -0.000000000 0.887352075 -0.461092501 0.361934856 0.429831993 0.827192612
102 0.728813559 0.437013579 -0.527114720 -0.347604967 0.899399949 0.265048143 0.589916590 -0.009942986 0.807402969
103 0.966101695 0.194285025 0.170002483 -0.255877799 0.808028744 0.530675136 -0.034264661 -0.556186010 0.830351164
104 0.898305085 0.314791211 -0.306519932 -0.298031398 0.949160890 0.101345400 0.322839372 0.000313475 0.946453719
105 0.966101695 -0.067923032 -0.249066210 0.237847559 0.609307681 0.756420973 0.100379549 -0.790019374 0.604808511
106 0.627118644 -0.756669814 -0.184859403 0.637395466 0.634923921 -0.436576035 0.447715564 0.155956426 0.880470537
107 0.762711864 -0.486716447 0.425884623 0.548262443 0.835883234 -0.026599111 -0.343043592 0.253784001 0.904386408
108 0.864406780 -0.320904783 -0.387067229 0.157915609 0.904155481 -0.396945243 0.477350584 0.281998202 0.832234002
109 0.932203390 -0.231002817 -0.278629752 0.346524408 0.791885509 0.502830166 0.104487678 -0.565291995 0.818246470
110 0.728813559 0.180149535 -0.660588329 0.282931424 0.799316610 0.530134668 0.623522738 -0.573270531 0.531582819
111 0.898305085 -0.330658713 0.289331627 0.280426783 0.938421855 0.201804959 -0.338243690 -0.100146084 0.935714683
112 0.830508474 -0.523975684 -0.188958081 0.555230260 0.805835441 0.205787755 0.044441339 -0.275823719 0.960180318
113 0.966101695 -0.218852646 -0.136934417 0.257338782 0.858706927 0.443169453 0.020597725 -0.463385296 0.885917491
114 0.898305085 -0.420664676 0.126843231 0.372470984 0.882228246 0.287990778 -0.233052228 -0.211458157 0.949195505
115 0.728813559 0.315715661 -0.607580791 -0.215052156 0.947995564 0.234642241 0.650064124 -0.040348888 0.758807355
116 0.830508475 0.088599320 -0.549914388 0.377823756 0.635811844 0.673047181 0.409273604 -0.766742107 0.494572197
117 0.728813559 0.036441872 -0.683741754 0.347604967 0.840641127 0.415323107 0.589916590 -0.540365141 0.600003276
118 0.898305085 0.069888086 -0.433778319 0.000000000 0.987268355 0.159063496 0.439372251 -0.142887547 0.886868183
119 0.864406780 -0.494086815 0.093161895 0.488428265 0.869144223 0.077628277 -0.119326231 -0.021599506 0.992620125
120 0.898305085 -0.280426783 -0.338243690 0.092875659 0.873632035 -0.477641267 0.429443927 0.397652973 0.810832921
121 0.932203390 0.284680424 -0.223503682 -0.245504697 0.951097017 0.187461751 0.265940376 -0.119881276 0.956506245
122 0.830508474 0.256831286 -0.494260422 -0.230161663 0.966289638 0.115368733 0.507229024 0.017945090 0.861624449
123 0.898305085 0.395132795 -0.192140702 -0.262027269 0.832811017 0.487614109 0.352689219 -0.387680130 0.851653939
124 0.830508475 0.202839622 -0.518759830 -0.230161663 0.973078359 0.012004852 0.507229024 0.109428494 0.854835728
125 0.864406780 -0.026759743 -0.502080507 0.378387404 0.692200544 0.614557873 0.331094989 -0.721208931 0.608468393
126 0.796610170 -0.433093351 -0.421713631 0.494658605 0.868025262 0.042953568 0.347455180 -0.242821526 0.905711104
127 0.864406780 0.360229518 -0.350764328 -0.299849404 0.929333248 0.215476332 0.403597887 -0.081082728 0.911336566
128 0.932203390 0.325492406 -0.158276762 -0.215846134 0.850991370 0.478773573 0.290529321 -0.412150921 0.863553317
129 0.898305085 -0.181553968 0.400107650 0.242885009 0.964038824 -0.107870381 -0.366135012 0.194080662 0.910097714
130 0.932203390 -0.231002817 -0.278629752 0.183741948 0.965301253 -0.185559658 0.311826452 0.121783368 0.942302008
131 0.627118644 -0.756669814 -0.184859403 0.681373741 0.647904102 -0.340514462 0.377428180 0.087584625 0.921887684
132 1.000000000 0.000000000 0.000000000 -0.000000000 0.697631521 0.716456740 0.000000000 -0.716456740 0.697631521
133 0.864406780 0.132286158 -0.485078645 -0.106281728 0.991041637 0.080874400 0.491431698 -0.018353383 0.870722711
134 0.966101695 -0.257338782 0.020597725 0.242852874 0.932981383 0.265646795 -0.087578516 -0.251639602 0.963850359
135 0.796610169 -0.278727361 -0.536398449 0.249784028 0.959831026 -0.127798044 0.550472685 -0.032178544 0.834232800
136 0.864406780 -0.452167950 -0.219875111 0.481385212 0.870519710 0.102292287 0.145152324 -0.194266773 0.970150104
137 0.796610169 0.543628223 -0.264349377 -0.306880612 0.740456289 0.597953822 0.520803733 -0.395212397 0.756683972
138 0.932203390 0.166885448 -0.321163646 -0.038471317 0.928013389 0.370555134 0.359884423 -0.333077164 0.871517530
139 0.932203390 -0.245504697 0.265940376 0.284680424 0.951097017 -0.119881276 -0.223503682 0.187461751 0.956506245
140 0.796610169 -0.512449844 -0.320635924 0.494658605 0.857490471 -0.141502494 0.347455180 -0.045882993 0.936573355
141 0.898305085 -0.420664676 0.126843231 0.426819339 0.903999470 -0.024702447 -0.104274766 0.076329478 0.991615139
142 0.830508475 -0.438113929 -0.343964910 0.455799548 0.889491624 -0.032425640 0.320160031 -0.129849282 0.938422463
143 0.762711865 -0.486716447 0.425884623 0.508693127 0.858123375 0.069681962 -0.399376907 0.163497321 0.902090191
144 0.966101695 0.054570919 0.252328219 -0.119036470 0.961463905 0.247825501 -0.229080409 -0.269460897 0.935367837
145 0.966101695 0.257338782 0.020597725 -0.255877799 0.965091406 -0.055902860 -0.034264661 0.048737348 0.998223724
146 0.898305085 -0.280426783 -0.338243690 0.181553968 0.937947841 -0.295452203 0.400107650 0.203996732 0.893475910
147 0.966101695 0.081082609 0.245098196 -0.067923032 0.995781530 -0.061689597 -0.249066210 0.042950611 0.967533600
148 0.966101695 0.194285025 0.170002483 -0.257338782 0.672201976 0.694205484 0.020597725 -0.714421327 0.699412540
149 0.966101695 -0.225830413 0.125092525 0.250786090 0.935962072 -0.247146388 -0.061268688 0.270140010 0.960869670
150 0.898305085 -0.384346625 0.212898206 0.314791211 0.901032624 0.298406944 -0.306519932 -0.201041991 0.930391127
151 0.932203390 -0.325492406 -0.158276762 0.355667637 0.904853309 0.233967991 0.067062448 -0.274399676 0.959274437
152 0.864406779 -0.360229518 -0.350764328 0.255250871 0.915449823 -0.311124756 0.433183463 0.179405448 0.883269932
153 0.966101695 -0.184961762 -0.180101809 0.253691503 0.809447795 0.529561034 0.047834471 -0.557300111 0.828932114
154 0.932203390 -0.351594339 -0.085896805 0.333454918 0.926591067 -0.173887356 0.140729022 0.133455670 0.981012195
155 0.627118644 0.430589099 -0.649088002 -0.082794520 0.865441922 0.494120781 0.774510990 -0.256131425 0.578385183
156 0.864406780 -0.481385212 0.145152324 0.426235036 0.854715038 0.296286849 -0.266691982 -0.194243355 0.944004717
157 0.728813560 0.249345188 -0.637697242 0.215052156 0.800850758 0.558919166 0.650064124 -0.544486034 0.530048671
158 0.966101695 0.041064118 -0.254874976 -0.081082609 0.985574858 -0.148552377 0.245098196 0.164182632 0.955495127
159 0.796610170 0.599145318 -0.080231702 -0.528788487 0.754992332 0.387774824 0.292907790 -0.266479768 0.918255716
160 0.830508474 -0.500922244 -0.243582797 0.487248279 0.865246246 -0.118059514 0.269897738 -0.020635872 0.962667841
161 0.796610170 -0.604279147 -0.016091929 0.604279147 0.795336998 0.047809750 -0.016091929 -0.047809750 0.998726828
162 0.694915254 0.609598742 -0.381421242 -0.365058234 0.756054041 0.543244671 0.619536339 -0.238268044 0.747932526
163 0.932203390 -0.325492406 -0.158276762 0.333454918 0.942410015 0.025907160 0.140729022 -0.076928907 0.987054854
164 0.932203390 0.131802405 -0.337083025 0.000000000 0.931336177 0.364160575 0.361934856 -0.339471723 0.868194742
165 0.966101695 0.253691503 0.047834471 -0.257338782 0.931562739 0.256841614 0.020597725 -0.260444783 0.965269003
166 0.932203390 0.333454918 0.140729022 -0.358732757 0.902858650 0.236974823 -0.048037995 -0.271392843 0.961269096
167 0.932203390 -0.358732757 -0.048037995 0.333454918 0.902858650 -0.271392843 0.140729022 0.236974823 0.961269096
168 0.966101695 -0.013739932 -0.257795906 0.175114205 0.768610213 0.615283151 0.189690618 -0.639569820 0.744961687
169 0.966101695 -0.131059917 0.222420353 0.041064118 0.928598852 0.368806060 -0.254874976 -0.347170664 0.902502785
170 0.966101695 0.232168038 -0.112896045 -0.247169797 0.958081194 -0.144870694 0.074529233 0.167864315 0.982988792
171 0.694915254 -0.565602650 -0.444056789 0.588434687 0.802218767 -0.100943892 0.413324823 -0.191150968 0.890294276
172 0.966101695 -0.237847559 0.100379549 0.184961762 0.908960578 0.373603819 -0.180101809 -0.342372905 0.922141059
173 0.966101695 -0.225830413 0.125092525 0.232168038 0.971915406 -0.038450566 -0.112896045 0.066189643 0.991399725
174 0.966101695 -0.054570919 0.252328219 -0.013739932 0.965149233 0.261339190 -0.257795906 -0.255947207 0.931682509
175 0.898305085 -0.314791211 -0.306519932 0.404798917 0.864209380 0.298797564 0.170838553 -0.392490308 0.903750821
176 0.830508475 -0.399070696 -0.388584937 0.455799548 0.887899111 0.062305223 0.320160031 -0.228861854 0.919303979
177 0.932203390 0.131802405 -0.337083025 0.215846134 0.545144534 0.810078937 0.290529321 -0.827916399 0.479736543
178 0.966101695 -0.094012350 -0.240435424 0.081082609 0.994705599 -0.063137802 0.245098196 0.041502406 0.968609532
179 0.966101695 -0.232168038 -0.112896045 0.253691503 0.934810589 0.248535277 0.047834471 -0.268751120 0.962021153
180 0.864406780 -0.320904783 -0.387067229 0.378387404 0.922139688 0.080506946 0.331094989 -0.216052114 0.918530126
181 0.898305085 0.023384347 -0.438749527 -0.092875659 0.986124262 -0.137597425 0.429443927 0.164353618 0.888012276
182 0.898305085 -0.262027269 0.352689219 0.345588927 0.917065461 -0.198895030 -0.271323180 0.300553906 0.914358290
183 0.830508475 -0.556808594 -0.014827790 0.541092270 0.800177084 0.258719518 -0.132192394 -0.222891955 0.965838676
184 0.932203390 0.325492406 -0.158276762 -0.245504697 0.889979292 0.384271133 0.265940376 -0.319361165 0.909551627
185 0.932203390 -0.296172297 0.208035599 0.284680424 0.954946267 0.083873018 -0.223503683 -0.018963049 0.974518602
186 0.932203390 0.166885448 -0.321163646 0.149555893 0.630441838 0.761692933 0.329590465 -0.758084650 0.562741316
187 0.898305085 0.202591250 -0.389877878 0.181553968 0.636900450 0.749263621 0.400107650 -0.743851197 0.535349667
188 0.694915254 -0.698547117 -0.170659646 0.487768372 0.632283697 -0.601913068 0.528369951 0.335036195 0.780112776
189 0.762711864 0.412777049 -0.497881231 -0.267240205 0.902187804 0.338585055 0.588942514 -0.125188956 0.798419965
190 0.830508475 0.146549704 -0.537381483 0.174942610 0.847319748 0.501442248 0.528820155 -0.510462956 0.678068443
191 0.898305085 -0.372470984 -0.233052228 0.420664676 0.882228246 0.211458157 0.126843231 -0.287990778 0.949195505
192 0.864406780 -0.183097431 -0.468269420 0.255250871 0.962200983 0.094954001 0.433183463 -0.201605059 0.878468831
193 0.796610169 -0.032172452 -0.603636622 0.410035010 0.762491360 0.500477988 0.444166105 -0.646198003 0.620600203
194 0.864406780 0.277944068 -0.418984503 -0.255250871 0.960530128 0.110584206 0.433183463 0.011356422 0.901234220
195 0.898305085 0.345588927 -0.271323180 -0.137996592 0.808191459 0.572523804 0.417138964 -0.476859371 0.773692591
196 0.932203390 -0.095225989 -0.349183120 0.000000000 0.964767869 -0.263102564 0.361934856 0.245265102 0.899359878
197 0.864406780 -0.341050523 0.369439386 0.426235036 0.886797930 -0.178642450 -0.266691982 0.311887755 0.911921825
198 0.864406780 -0.501190217 0.040115905 0.502614933 0.863469645 -0.042407554 -0.013384615 0.056820230 0.998294703
199 0.830508474 0.438113929 -0.343964910 -0.282772892 0.863657309 0.417295512 0.479890785 -0.249303507 0.841161457
200 0.864406780 -0.395472709 -0.310487126 0.439824859 0.893973946 0.085817701 0.243628843 -0.210741359 0.946695868
201 0.762711864 -0.102872478 -0.638504397 0.267240205 0.949171637 0.166300557 0.588942514 -0.297473454 0.751436131
202 0.898305085 -0.023384347 -0.438749527 0.000000000 0.998582696 -0.053222175 0.439372251 0.047809750 0.897031913
203 0.966101695 0.054570919 0.252328219 -0.067923032 0.996697431 0.044504977 -0.249066210 -0.060135231 0.966617700
204 0.661016949 -0.705874172 -0.254554997 0.718421704 0.693278571 -0.056877746 0.216626057 -0.145280681 0.965384211
205 0.830508475 -0.088599320 -0.549914388 0.332180191 0.871274062 0.361300193 0.447115191 -0.482733539 0.753031431
206 1.000000000 0.000000000 0.000000000 -0.000000000 0.769833983 0.638244184 0.000000000 -0.638244184 0.769833983
207 0.661016949 -0.564707259 0.494127822 0.636115305 0.771003897 0.030171340 -0.398012451 0.294378503 0.868865574
208 0.728813559 0.036441872 -0.683741754 0.215052156 0.935869288 0.279107946 0.650064124 -0.350457794 0.674237324
209 0.932203390 0.019262960 -0.361421884 0.245504697 0.700079062 0.670534675 0.265940376 -0.713805467 0.647886928
210 0.966101695 0.247169797 0.074529233 -0.257338782 0.898984659 0.354405606 0.020597725 -0.361571118 0.932116978
211 0.932203390 0.095225989 -0.349183120 0.076506739 0.891122604 0.447266389 0.353756355 -0.443658106 0.823422083
212 0.966101695 0.094012350 -0.240435424 0.054570919 0.835923316 0.546126564 0.252328219 -0.540734581 0.802456592
213 0.966101695 0.119036470 -0.229080409 0.054570919 0.773137948 0.631885851 0.252328219 -0.622967120 0.740433952
214 0.932203390 -0.057570624 -0.357326830 0.272381593 0.761718286 0.587872027 0.238338221 -0.645345548 0.725757546
215 0.966101695 -0.027440918 0.256699262 -0.013739932 0.987460123 0.157269575 -0.257795906 -0.155465434 0.953609862
216 0.627118644 -0.756669814 -0.184859403 0.717631780 0.653543271 -0.240594725 0.302864384 0.018220455 0.952859475
217 0.728813559 0.538561446 -0.422826637 -0.282931424 0.799213041 0.530290792 0.623522738 -0.266852177 0.734853258
218 0.830508475 0.202839622 -0.518759830 -0.117741388 0.974221369 0.192431002 0.544419543 -0.098736076 0.832981722
219 0.966101695 0.250786090 -0.061268688 -0.237847559 0.956929711 0.166475426 0.100379549 -0.146259583 0.984140275
220 0.966101695 -0.164770267 -0.198741727 0.106675602 0.955827860 -0.273885777 0.235091112 0.243400620 0.941003883
221 0.898305085 -0.069888086 -0.433778319 -0.000000000 0.987268355 -0.159063496 0.439372251 0.142887547 0.886868183
222 0.796610169 0.220132654 -0.562986547 -0.189857291 0.975320115 0.112715938 0.573904563 0.017096438 0.818743711
223 0.898305084 -0.314791211 -0.306519932 0.431764136 0.761715546 0.483082972 0.081410724 -0.566300203 0.820168503
224 0.864406780 -0.231834136 -0.446154516 0.341050523 0.922359123 0.181488813 0.369439386 -0.309041392 0.876360633
225 0.966101695 0.203057566 -0.159421266 -0.054570919 0.764197938 0.642669064 0.252328219 -0.612183907 0.749373961
226 0.898305085 -0.345588927 -0.271323180 0.431764136 0.808748849 0.399380810 0.081410724 -0.475913430 0.875716107
227 0.966101695 -0.253691503 0.047834471 0.218852646 0.903097019 0.369485173 -0.136934417 -0.346491551 0.928004618
228 0.830508474 0.146549704 -0.537381483 0.282772892 0.720270195 0.633443240 0.479890785 -0.678036895 0.556750217
229 0.966101695 -0.194285025 0.170002483 0.203057566 0.978517078 -0.035664441 -0.159421266 0.068975767 0.984798052
230 0.966101695 0.237847559 0.100379549 -0.255877799 0.933813259 0.250038694 -0.034264661 -0.267247704 0.963018483
231 0.796610170 -0.385814379 -0.465359541 0.360500116 0.921166832 -0.146599231 0.485233865 -0.050979730 0.872896995
232 0.932203390 -0.019262960 -0.361421884 -0.038471317 0.987651892 -0.151867372 0.359884423 0.155475655 0.919951370
233 0.966101695 0.142711860 -0.215129821 -0.131059917 0.989069554 0.067562683 0.222420353 -0.037077526 0.974245577
234 0.966101695 0.067923032 -0.249066210 0.131059917 0.702159256 0.699854040 0.222420353 -0.708772771 0.669455260
235 0.932203390 0.306824638 -0.191977815 -0.149555893 0.809565160 0.567659481 0.329590465 -0.500462679 0.800566819
236 0.864406780 0.079976031 -0.496391734 0.299849404 0.710493932 0.636622893 0.403597887 -0.699143911 0.590175006
237 0.661016949 0.345990428 -0.665843237 -0.079759546 0.914722235 0.396133370 0.746119969 -0.208743518 0.632242941
238 0.762711864 0.034420826 -0.645821816 0.267240205 0.892570528 0.363181119 0.588942514 -0.449592103 0.671575503
239 0.966101695 0.094012350 -0.240435424 -0.081082609 0.994705599 0.063137802 0.245098196 -0.041502406 0.968609532
240 0.627118644 -0.732733778 -0.264241209 0.637395466 0.677732139 -0.366614468 0.447715564 0.061484619 0.892059648
241 0.898305085 0.314791211 -0.306519932 -0.262027269 0.943817024 0.201373123 0.352689219 -0.100577920 0.930319513
242 0.932203390 -0.296172297 0.208035599 0.325492406 0.937376178 -0.124018527 -0.158276762 0.183324499 0.970227084
243 0.966101695 -0.203057566 -0.159421266 0.247169797 0.905808659 0.344118824 0.074529233 -0.371857901 0.925292978
244 0.966101695 0.257338782 0.020597725 -0.258070311 0.964804433 0.050518520 -0.006872402 -0.054121689 0.998510697
245 0.864406780 -0.026759743 -0.502080507 0.299849404 0.829010195 0.472051303 0.403597887 -0.558592887 0.724625926
246 0.627118644 -0.772032479 -0.103383065 0.637395466 0.584921761 -0.501591022 0.447715564 0.248661184 0.858905343
247 0.864406780 0.360229518 -0.350764328 -0.207760243 0.891193987 0.403248012 0.457860897 -0.275695433 0.845195496
248 0.966101695 0.142711860 -0.215129821 -0.054570919 0.927375081 0.370131697 0.252328219 -0.345845028 0.903726555
249 0.864406780 -0.079976031 -0.496391734 0.255250871 0.920386876 0.296200931 0.433183463 -0.382742515 0.816002607
250 0.728813560 -0.644108948 -0.232280990 0.598960955 0.764111781 -0.239539059 0.331777892 0.035452070 0.942691138
251 0.898305085 0.115599966 -0.423892230 -0.092875659 0.992926901 0.073961344 0.429443927 -0.027070581 0.902687707
252 0.830508475 -0.029645070 -0.556216544 0.174942610 0.961934675 0.209944671 0.528820155 -0.271666802 0.804081085
253 0.932203390 0.284680424 -0.223503683 -0.215846134 0.932966264 0.288070125 0.290529321 -0.220297541 0.931161483
254 0.762711864 -0.619201637 0.186708180 0.608387025 0.784869809 0.117663129 -0.219398816 0.023847770 0.975343757
255 0.830508474 -0.355505834 -0.428802141 0.487248279 0.836706948 0.250021194 0.269897738 -0.416577825 0.868111817
256 0.966101695 -0.067923032 -0.249066210 0.106675602 0.983583026 0.145549807 0.235091112 -0.167185203 0.957486959
257 0.932203390 -0.095225989 -0.349183120 0.183741948 0.955712399 0.229897164 0.311826452 -0.278470502 0.908415347
258 0.966101695 0.175114205 0.189690618 -0.218852646 0.945275384 0.241987536 -0.136934417 -0.275298862 0.951556358
259 0.966101695 -0.257338782 0.020597725 0.250786090 0.954443508 0.161690839 -0.061268688 -0.151044170 0.986626478
260 0.966101695 0.067923032 -0.249066210 -0.081082609 0.995781530 -0.042950611 0.245098196 0.061689597 0.967533600
261 0.966101695 0.225830413 0.125092525 -0.232168038 0.971915406 0.038450566 -0.112896045 -0.066189643 0.991399725
262 0.796610169 -0.543628223 -0.264349377 0.306880612 0.740456289 -0.597953822 0.520803733 0.395212397 0.756683972
263 0.966101695 0.258070311 -0.006872402 -0.237847559 0.900116331 0.364991958 0.100379549 -0.350984766 0.930985306
264 0.762711864 0.170158542 -0.623952468 0.267240205 0.795631282 0.543648357 0.588942514 -0.581392238 0.561364214
265 0.898305085 0.314791211 -0.306519932 -0.330658713 0.943750384 0.000169394 0.289331627 0.101201319 0.951864225
266 0.966101695 0.119036470 -0.229080409 0.131059917 0.538355854 0.832463977 0.222420353 -0.834268119 0.504505593
267 0.830508474 -0.556808594 -0.014827790 0.555230260 0.829691382 -0.057719744 0.044441339 0.039703899 0.998222705
268 0.830508475 -0.472193155 -0.295447623 0.419186427 0.879136126 -0.226721000 0.366794783 0.064446078 0.928066964
269 0.898305085 -0.314791211 -0.306519932 0.330658713 0.943750384 -0.000169394 0.289331627 -0.101201319 0.951864225
270 0.898305085 0.395132795 -0.192140702 -0.298031398 0.869300849 0.394326412 0.322839372 -0.296961459 0.898659352
271 0.762711864 -0.170158542 -0.623952468 0.328326989 0.933073726 0.146883664 0.557200144 -0.316890348 0.767534043
272 0.966101695 -0.257338782 0.020597725 0.258070311 0.964804433 -0.050518520 -0.006872402 0.054121689 0.998510697
273 0.864406780 -0.183097431 -0.468269420 0.207760243 0.978179226 0.001040553 0.457860897 -0.098187230 0.883585122
274 0.932203390 -0.245504697 0.265940376 0.306824638 0.925782900 -0.220872507 -0.191977815 0.287495159 0.938344847
275 0.898305085 0.115599966 -0.423892230 0.223054265 0.711214725 0.666648640 0.378542956 -0.693404833 0.613102739
276 0.932203390 -0.076506739 0.353756355 0.131802405 0.982049560 -0.134932528 -0.337083025 0.172410498 0.925553701
277 0.898305085 -0.202591250 -0.389877878 0.330658713 0.896047560 0.296249195 0.289331627 -0.395038676 0.871912641
278 0.830508475 0.399070696 -0.388584937 -0.059206108 0.756926410 0.650812605 0.553850440 -0.517498782 0.652261221
279 0.864406780 -0.360229518 -0.350764328 0.207760243 0.891193987 -0.403248012 0.457860897 0.275695433 0.845195496
280 0.864406780 0.472977620 -0.170566967 -0.341050523 0.800831651 0.492293822 0.369439386 -0.367370164 0.853553573
281 0.966101695 -0.041064118 -0.254874976 0.081082609 0.985574858 0.148552377 0.245098196 -0.164182632 0.955495127
282 0.830508475 -0.533289811 0.160803144 0.500922244 0.841332549 0.203067593 -0.243582797 -0.088099485 0.965870541
283 0.830508475 0.088599320 -0.549914388 -0.117741388 0.992883838 -0.017850755 0.544419543 0.079572887 0.835030249
284 0.796610169 0.587222933 -0.143462417 -0.528788487 0.791933087 0.305327236 0.292907790 -0.167365507 0.941378677
285 0.728813559 -0.580454104 -0.363185667 0.630833551 0.775464183 0.026539256 0.266232656 -0.248451873 0.931338735
286 0.830508475 -0.556808594 -0.014827790 0.556808594 0.829211281 0.048711821 -0.014827790 -0.048711821 0.998702806
287 0.966101695 -0.094012350 -0.240435424 0.054570919 0.984658957 -0.165736997 0.252328219 0.146998012 0.956411028
288 0.966101695 -0.194285025 0.170002483 0.218852646 0.965641909 -0.140140012 -0.136934417 0.172594997 0.975428077
289 0.966101695 -0.164770267 -0.198741727 0.131059917 0.976284804 -0.172311577 0.222420353 0.140423432 0.964785181
290 0.966101695 0.094012350 -0.240435424 0.027440918 0.888664207 0.457736740 0.256699262 -0.448818009 0.855960212
291 0.728813559 0.437013579 -0.527114720 -0.144736261 0.850765301 0.505222543 0.669240025 -0.291920426 0.683300998
292 0.864406780 -0.439824859 0.243628843 0.472977620 0.875690068 -0.097257783 -0.170566967 0.199301277 0.964979746
293 0.932203390 -0.272381593 0.238338221 0.259310667 0.962027821 0.085208271 -0.252497164 -0.017627796 0.967437049
294 0.627118644 -0.586195245 0.512930152 0.700495576 0.712403250 -0.042279514 -0.340629057 0.385819574 0.857388536
295 0.932203390 -0.272381593 0.238338221 0.340472216 0.883340006 -0.322163163 -0.122782370 0.381469135 0.916190913
296 0.728813559 0.108912716 -0.675994686 0.347604967 0.791732586 0.502324894 0.589916590 -0.601080305 0.539166843
297 0.864406779 0.132286159 -0.485078645 -0.157915609 0.987378033 -0.012135921 0.477350584 0.087091862 0.874386315
298 0.966101695 0.067923032 -0.249066210 -0.027440918 0.986320352 0.162539718 0.256699262 -0.150195291 0.954749634
299 0.966101695 -0.067923032 -0.249066210 -0.027440918 0.932284180 -0.360684354 0.256699262 0.355292371 0.898817456
300 0.830508475 0.088599320 -0.549914388 0.059206108 0.967633532 0.245316091 0.553850440 -0.236295383 0.798382228
301 0.932203390 -0.272381593 0.238338221 0.325492406 0.918883393 -0.222952919 -0.158276762 0.285414748 0.945244354
302 0.762711864 -0.548262443 -0.343043592 0.529227862 0.833975101 -0.156215880 0.371737114 -0.062400521 0.926238464
303 0.728813559 -0.538561446 -0.422826637 0.515294387 0.838057757 -0.179250914 0.450890775 -0.087239696 0.888305547
304 0.966101695 0.067923032 -0.249066210 -0.131059917 0.960240134 -0.246499864 0.222420353 0.270786533 0.936591608
305 0.796610169 0.433093351 -0.421713631 -0.127779395 0.802511240 0.582793390 0.590833872 -0.410372829 0.694629021
306 0.966101695 0.153959271 0.207229481 -0.203057566 0.948867066 0.241700053 -0.159421266 -0.275586345 0.947964676
307 0.830508475 -0.438113929 -0.343964910 0.513176291 0.841944247 0.166673272 0.216577395 -0.314938202 0.924071513
308 0.661016949 -0.705874172 -0.254554997 0.691325763 0.704793400 -0.159169575 0.291762374 -0.070766641 0.953869383
309 0.728813559 -0.560301893 0.393563952 0.615769986 0.787699646 -0.018883621 -0.299429657 0.256107508 0.919103272
310 0.966101695 -0.067923032 -0.249066210 0.081082609 0.995781530 0.042950611 0.245098196 -0.061689597 0.967533600
311 0.796610169 -0.032172452 -0.603636622 -0.000000000 0.998582696 -0.053222175 0.604493373 0.042397326 0.795481130
312 0.932203390 0.166885448 -0.321163646 0.113675310 0.707449719 0.697562054 0.343620087 -0.686778088 0.640516271
313 0.694915254 -0.609598742 -0.381421242 0.588434687 0.786944359 -0.185642654 0.413324823 -0.095435578 0.905568684
314 0.932203390 0.200077612 -0.301605353 -0.183741948 0.979556412 0.081903190 0.311826452 -0.020932876 0.949908458
315 0.864406779 0.320904783 -0.387067229 -0.255250871 0.943334152 0.212055819 0.433183463 -0.084503241 0.897335662
316 0.762711864 -0.463360116 -0.451185123 0.565742914 0.816052297 0.118294561 0.313377675 -0.345479451 0.884555471
317 0.898305085 0.023384347 -0.438749527 0.046702408 0.987843660 0.148269309 0.436883119 -0.153681734 0.886292878
318 0.627118644 0.359155900 -0.691179605 0.082794520 0.851589255 0.517629991 0.774510990 -0.381841302 0.504311359
319 0.932203390 -0.200077612 -0.301605353 0.113675310 0.952996911 -0.280846598 0.343620087 0.227521069 0.911130835
320 0.898305085 -0.404798917 0.170838553 0.345588927 0.891073696 0.294203947 -0.271323180 -0.205244989 0.940350055
321 0.932203390 -0.095225989 -0.349183120 0.272381593 0.819889967 0.503575923 0.238338221 -0.564546237 0.790242013
322 0.830508475 -0.332180191 0.447115191 0.399070696 0.914849471 -0.061587536 -0.388584937 0.229579541 0.892353619
323 0.830508475 -0.146549704 -0.537381483 0.377823756 0.857103671 0.350174965 0.409273604 -0.493858766 0.767201822
324 0.932203390 -0.358732757 -0.048037995 0.351594339 0.866059195 0.355419318 -0.085896805 -0.348212980 0.933471724
325 0.932203390 -0.296172297 0.208035599 0.200077612 0.900667850 0.385702441 -0.301605353 -0.317929857 0.898863069
326 0.728813559 -0.315715661 -0.607580791 0.408340006 0.912697367 0.015554937 0.549626451 -0.259436192 0.794105551
327 0.898305085 -0.069888086 -0.433778319 0.046702408 0.996863298 -0.063894059 0.436883119 0.037137866 0.898751311
328 0.932203390 -0.284680424 -0.223503683 0.316607251 0.940621150 0.122440599 0.175375849 -0.184902428 0.966982111
329 0.864406780 0.395472709 -0.310487126 -0.255250871 0.877193082 0.406668525 0.433183463 -0.272274921 0.859196401
330 0.796610170 -0.220132654 -0.562986547 0.360500116 0.920596992 0.150136090 0.485233865 -0.322556652 0.812714773
331 0.796610169 -0.475465203 -0.373289537 0.306880612 0.850121535 -0.427922500 0.520803733 0.226332093 0.823126513
332 0.966101695 -0.041064118 -0.254874976 0.225830413 0.612807907 0.757276101 0.125092525 -0.789164246 0.601308285
333 0.728813559 -0.538561446 -0.422826637 0.598960955 0.800679537 0.012571906 0.331777892 -0.262419222 0.906123381
334 0.966101695 -0.000000000 0.258161800 0.094012350 0.931336177 -0.351816149 -0.240435424 0.364160575 0.899765460
335 0.762711864 0.298206246 -0.573884698 -0.136709269 0.941640120 0.307610892 0.632124345 -0.156163120 0.758967649
336 0.932203390 -0.200077612 -0.301605353 0.316607251 0.854567730 0.411672010 0.175375849 -0.479252485 0.859976957
337 1.000000000 0.000000000 0.000000000 -0.000000000 0.887352075 0.461092501 0.000000000 -0.461092501 0.887352075
338 0.966101695 0.247169797 0.074529233 -0.242852874 0.968052283 -0.062428025 -0.087578516 0.042212183 0.995262847
339 0.864406780 -0.360229518 -0.350764328 0.157915609 0.856840566 -0.490802307 0.477350584 0.368861679 0.797544658
340 0.593220339 0.576776435 -0.561621378 -0.332652397 0.810909606 0.481422885 0.733097546 -0.098765150 0.672914135
341 0.830508475 0.256831286 -0.494260421 -0.174942610 0.962722860 0.206300212 0.528820155 -0.084866866 0.844480230
342 0.898305085 -0.137996592 0.417138964 0.202591250 0.972541058 -0.114545518 -0.389877878 0.187405525 0.901595480
343 0.932203390 0.306824638 -0.191977815 -0.272381593 0.944015463 0.186126497 0.238338221 -0.121216529 0.963587799
344 1.000000000 0.000000000 -0.000000000 0.000000000 0.769833983 0.638244184 0.000000000 -0.638244184 0.769833983
345 0.932203390 -0.346524408 0.104487678 0.340472216 0.937521871 0.071633876 -0.122782370 -0.031202191 0.991942999
346 0.898305085 -0.160002052 -0.409203272 0.092875659 0.979440163 -0.179084000 0.429443927 0.122867044 0.894696375
347 0.898305085 -0.384346625 0.212898206 0.395132795 0.918580826 -0.008907347 -0.192140702 0.092124578 0.977033783
348 0.898305085 -0.023384347 -0.438749527 0.092875659 0.986124262 0.137597425 0.429443927 -0.164353618 0.888012276
