0 0.762711864 -0.357517053 -0.538936145 0.267240205 0.933066115 -0.240770217 0.588942514 0.039612895 0.807203527
1 0.830508475 -0.174942610 0.528820155 0.307912948 0.935340474 -0.174148825 -0.464160845 0.307462648 0.830675286
2 0.966101695 -0.225830413 0.125092525 0.232168038 0.971915406 -0.038450566 -0.112896045 0.066189643 0.991399725
3 0.627118644 0.497143552 -0.599641972 -0.321860785 0.866427767 0.381717907 0.709315051 -0.046381181 0.703364020
4 0.864406780 0.277944068 -0.418984503 -0.053443633 0.879384747 0.473102785 0.499944694 -0.386561201 0.775000478
5 0.898305085 -0.280426783 -0.338243690 0.330658713 0.938421855 0.100146084 0.289331627 -0.201804959 0.935714683
6 0.864406780 -0.183097431 -0.468269420 0.000000000 0.931336178 -0.364160575 0.502793118 0.314782870 0.805053306
7 0.966101695 -0.131059917 0.222420352 -0.013739932 0.834229820 0.551245700 -0.257795906 -0.535615446 0.804150089
8 0.796610169 -0.587222933 -0.143462417 0.556926985 0.805236491 -0.203535075 0.235041637 0.082240019 0.968499875
9 0.694915254 0.712729717 -0.095441817 -0.629034823 0.666820409 0.399581949 0.348436481 -0.217639365 0.911715485
10 0.559322034 0.301871076 -0.772031551 0.175225723 0.867236083 0.466044550 0.810218988 -0.395948772 0.432168672
11 0.694915254 0.515198054 -0.501660996 -0.487768372 0.850317279 0.197591852 0.528369951 0.107384776 0.842195764
12 0.661016949 0.414805121 -0.625294574 -0.310062429 0.909836584 0.275787383 0.683313898 0.011580220 0.730032886
13 0.762711865 -0.641016637 -0.085838701 0.641016637 0.731659817 0.231887006 -0.085838701 -0.231887006 0.968947952
14 0.661016949 -0.508985511 0.551353192 0.537608339 0.833843344 0.125229992 -0.523482441 0.213632927 0.824819439
15 0.932203390 0.272381593 0.238338221 -0.259310667 0.962027821 -0.085208271 -0.252497164 0.017627796 0.967437049
16 0.898305085 0.023384347 -0.438749527 -0.092875659 0.986124262 -0.137597425 0.429443927 0.164353618 0.888012276
17 0.694915254 0.331567764 -0.638087461 0.152003478 0.799569661 0.581019191 0.702842608 -0.500750612 0.505233701
18 0.762711864 -0.635539599 0.119833341 0.608387025 0.767916540 0.200423091 -0.219398816 -0.079960020 0.972353102
19 0.966101695 -0.211254518 0.148388153 0.067923032 0.762535761 0.643370558 -0.249066210 -0.611482413 0.751036139
20 0.694915254 0.646687836 -0.314464039 -0.487768372 0.745230192 0.454658087 0.528369951 -0.162563227 0.833305702
21 0.661016949 -0.705874172 -0.254554997 0.564707259 0.691355322 -0.450703373 0.494127822 0.154173514 0.855609854
22 0.966101695 0.131059917 0.222420353 -0.242852874 0.753645463 0.610770822 -0.087578516 -0.644082149 0.759926437
23 0.864406780 0.498344822 -0.066733482 -0.463229322 0.840949431 0.279683123 0.195498119 -0.210847082 0.957770324
24 0.728813559 0.249345188 -0.637697242 0.000000000 0.931336177 0.364160575 0.684712199 -0.265405165 0.678770434
25 0.796610170 -0.568647077 -0.205067646 0.578755277 0.815400221 -0.012837778 0.174512369 -0.108457278 0.978663605
26 0.898305085 0.298031398 0.322839372 -0.413317593 0.822461757 0.390800748 -0.149052144 -0.484493492 0.862003199
27 0.762711864 -0.298206246 -0.573884698 0.328326989 0.943038077 -0.053670982 0.557200144 -0.147486341 0.817175488
28 0.830508474 0.399070696 -0.388584937 -0.230161663 0.881158439 0.413019871 0.507229024 -0.253579148 0.823660326
29 0.898305085 0.280426783 -0.338243690 -0.223054265 0.954317703 0.198807739 0.378542956 -0.103143305 0.919818835
30 0.898305085 -0.023384347 -0.438749527 -0.046702408 0.987843660 -0.148269309 0.436883119 0.153681734 0.886292878
31 0.830508475 -0.088599320 -0.549914388 0.332180191 0.871274062 0.361300193 0.447115191 -0.482733539 0.753031431
32 0.932203390 0.333454918 0.140729022 -0.325492406 0.942410015 -0.076928907 -0.158276762 0.025907160 0.987054854
33 0.966101695 -0.131059917 0.222420353 0.119036470 0.990647750 0.066688484 -0.229080409 -0.037951724 0.972667380
34 0.796610170 -0.543628223 -0.264349377 0.528788487 0.838578956 -0.131026982 0.292907790 -0.035407481 0.955484870
35 0.966101695 0.119036470 -0.229080409 -0.131059917 0.990647750 -0.037951724 0.222420353 0.066688484 0.972667380
36 0.627118644 0.558065170 -0.543401760 -0.464524699 0.827946810 0.314198796 0.625251158 0.055383616 0.778455936
37 0.966101695 0.153959271 0.207229481 -0.255877799 0.677594531 0.689486913 -0.034264661 -0.719139899 0.694019985
38 0.762711864 -0.235516643 -0.602330908 0.486716447 0.822321694 0.294778105 0.425884623 -0.517995118 0.741824336
39 0.898305085 -0.359539532 0.252545638 0.395132795 0.912430089 -0.106496043 -0.192140702 0.195455001 0.961706449
40 0.898305085 -0.413317593 -0.149052144 0.420664676 0.906991458 0.020192199 0.126843231 -0.080839727 0.988623150
41 0.796610169 -0.306880612 0.520803733 0.334163976 0.941503844 0.043645721 -0.503732742 0.139265221 0.852559982
42 0.932203390 0.183741948 0.311826452 -0.325492406 0.802361376 0.500270843 -0.158276762 -0.567851318 0.807770603
43 0.830508475 0.307912948 -0.464160845 0.059206108 0.779793144 0.623231329 0.553850440 -0.545080058 0.629394487
44 0.864406780 -0.231834136 -0.446154516 0.439824859 0.778622841 0.447549511 0.243628843 -0.583094679 0.775013279
45 0.694915254 -0.189194855 -0.693756511 0.541167351 0.772906133 0.331291425 0.473530029 -0.605657838 0.639490340
46 0.796610169 0.334163976 -0.503732742 -0.189857291 0.929454996 0.316334665 0.573904563 -0.156358077 0.803856769
47 0.932203390 -0.131802405 -0.337083025 0.245504697 0.914589437 0.321330992 0.265940376 -0.382301306 0.884941483
48 0.966101695 -0.225830413 0.125092525 0.184961762 0.943522787 0.274870691 -0.180101809 -0.242415707 0.953308955
49 0.762711864 0.412777049 -0.497881231 -0.203125483 0.883769959 0.421533744 0.614011930 -0.220376422 0.757907371
50 0.694915254 -0.458956058 -0.553581183 0.297137429 0.884307785 -0.360151481 0.654829854 0.085785068 0.750891992
51 0.728813559 0.180149535 -0.660588329 0.408340006 0.660075335 0.630522792 0.549626451 -0.729278203 0.407509592
52 0.661016949 -0.705874172 -0.254554997 0.691325763 0.704793400 -0.159169575 0.291762374 -0.070766641 0.953869383
53 0.796610170 0.604279147 -0.016091929 -0.556926985 0.744017098 0.369148875 0.235041637 -0.285105718 0.929230950
54 0.966101695 -0.247169797 0.074529233 0.142711860 0.751892866 0.643653978 -0.215129821 -0.611198993 0.761679034
55 1.000000000 0.000000000 -0.000000000 0.000000000 0.833313919 0.552800065 0.000000000 -0.552800065 0.833313919
56 0.932203390 -0.316607251 0.175375849 0.358732757 0.872554896 -0.331600306 -0.048037995 0.372031992 0.926976024
57 0.898305085 0.372470984 -0.233052228 -0.384346625 0.923169125 -0.006036484 0.212898206 0.094995441 0.972445484
58 0.627118644 -0.772032479 -0.103383065 0.765436002 0.635399927 -0.101856072 0.144325788 -0.015257279 0.989412595
59 0.966101695 0.175114205 0.189690618 -0.242852874 0.865721969 0.437661917 -0.087578516 -0.468892832 0.878902450
60 0.728813560 -0.644108948 -0.232280990 0.655558549 0.754339396 -0.034857762 0.197670898 -0.126868979 0.972023908
61 0.627118644 0.660320478 -0.413157442 -0.464524699 0.742821854 0.482112537 0.625251158 -0.110419924 0.772572605
62 0.932203390 -0.095225989 -0.349183120 0.333454918 0.601090748 0.726290390 0.140729022 -0.793487192 0.592092407
63 0.966101695 0.041064118 -0.254874976 -0.027440918 0.998009563 0.056779470 0.256699262 -0.047860739 0.965305567
64 0.525423729 -0.800386078 -0.288638236 0.744284040 0.596744350 -0.299895730 0.412275604 -0.057256499 0.909258225
65 0.966101695 0.106675602 0.235091112 -0.041064118 0.962539836 -0.268012691 -0.254874976 0.249273706 0.934291906
66 0.694915254 -0.261864826 -0.669716061 0.152003478 0.963783780 -0.219125007 0.702842608 0.050474139 0.709552415
67 0.830508474 0.555230260 0.044441339 -0.487248279 0.685521657 0.540970584 0.269897738 -0.470934620 0.839866534
68 0.864406780 -0.207760243 0.457860897 0.231834136 0.972748250 0.003711637 -0.446154516 0.102939421 0.889016098
69 0.932203390 0.000000000 0.361934856 -0.095225989 0.964767869 0.245265102 -0.349183120 -0.263102564 0.899359878
70 0.864406780 0.079976031 -0.496391734 0.255250871 0.780783285 0.570284539 0.433183463 -0.619662244 0.654500413
71 0.966101695 0.247169797 0.074529233 -0.237847559 0.739932818 0.629228070 0.100379549 -0.625624901 0.773639082
72 0.898305085 0.202591250 -0.389877878 0.137996592 0.712358818 0.688114711 0.417138964 -0.671938762 0.611958646
73 0.796610169 -0.410035010 0.444166105 0.433093351 0.899739085 0.053849125 -0.421713631 0.149468626 0.894324741
74 0.796610169 0.334163976 -0.503732742 -0.360500116 0.931530781 0.047854684 0.485233866 0.143474184 0.862533045
75 0.932203390 -0.200077612 -0.301605353 0.316607251 0.854567730 0.411672010 0.175375849 -0.479252485 0.859976957
76 0.864406780 0.183097431 -0.468269420 -0.207760243 0.978179226 -0.001040553 0.457860897 0.098187230 0.883585122
77 0.796610169 -0.032172452 -0.603636622 0.127779395 0.984980170 0.116131354 0.590833872 -0.169643740 0.788756196
78 0.762711864 0.034420826 -0.645821816 0.328326989 0.839725226 0.432507727 0.557200144 -0.541919507 0.629167106
79 0.661016949 -0.636115305 -0.398012452 0.656396824 0.747204125 -0.104063462 0.363592907 -0.192466397 0.911458657
80 0.966101695 -0.218852646 -0.136934417 0.153959271 0.914198512 -0.374883481 0.207229481 0.341093243 0.916903125
81 0.898305085 0.359539532 0.252545638 -0.439216542 0.750126179 0.494367823 -0.011696318 -0.555015351 0.831757871
82 0.898305085 0.314791211 -0.306519932 -0.298031398 0.949160890 0.101345400 0.322839372 0.000313475 0.946453719
83 0.661016949 -0.705874172 -0.254554997 0.656396824 0.708322637 -0.259657949 0.363592907 0.004549214 0.931546833
84 0.694915254 -0.646687836 -0.314464039 0.487768372 0.745230192 -0.454658087 0.528369951 0.162563227 0.833305702
85 0.932203390 0.019262960 -0.361421884 -0.038471317 0.998199159 -0.046026050 0.359884423 0.056810016 0.931265711
86 0.694915254 0.676449699 -0.243943833 -0.541167351 0.715353407 0.442049094 0.473530029 -0.175172220 0.863182487
87 0.762711864 -0.565742914 0.313377675 0.548262443 0.822617696 0.150693130 -0.343043592 0.056877771 0.937595869
88 0.898305085 -0.330658713 0.289331627 0.202591250 0.896047560 0.395038676 -0.389877878 -0.296249195 0.871912641
89 0.932203390 -0.149555893 0.329590465 0.131802405 0.988380961 0.075704702 -0.337083025 -0.027131364 0.941083909
90 0.796610169 -0.599145318 -0.080231702 0.602566252 0.797634958 0.026313212 0.048230172 -0.069306288 0.996428868
91 0.728813559 -0.644108948 -0.232280990 0.347604967 0.640325820 -0.684947904 0.589916590 0.418457294 0.690573609
92 0.661016949 0.345990428 -0.665843237 -0.158615384 0.931728227 0.326685890 0.733415130 -0.110331929 0.670767555
93 0.966101695 0.153959271 0.207229481 -0.142711860 0.987407377 -0.068264176 -0.215129821 0.036376032 0.975907754
94 0.966101695 -0.232168038 -0.112896045 0.242852874 0.668954126 0.702511821 -0.087578516 -0.706114990 0.702660390
95 0.627118644 -0.772032479 -0.103383065 0.681373741 0.608039127 -0.407453365 0.377428180 0.185079096 0.907355331
96 0.898305085 0.115599966 -0.423892230 -0.137996592 0.990179199 -0.022407485 0.417138964 0.078624440 0.905435410
97 0.898305085 0.439216542 -0.011696318 -0.431764136 0.887369791 0.161723791 0.081410724 -0.140227253 0.986766746
98 0.898305085 -0.160002052 -0.409203272 0.137996592 0.986951405 -0.082969057 0.417138964 0.018062868 0.908663204
99 0.762711864 -0.646509245 -0.017216514 0.641016637 0.752162896 0.152802647 -0.085838700 -0.127580464 0.988106747
100 0.966101695 0.203057566 -0.159421266 -0.000000000 0.617524615 0.786551556 0.258161800 -0.759888791 0.596591577
101 0.525423729 0.392316269 -0.754995265 -0.090438824 0.908076659 0.408922488 0.846020522 -0.146576694 0.512605646
102 0.559322034 -0.779793917 -0.281212214 0.678332461 0.625543824 -0.385434814 0.476470287 0.024826811 0.878839971
103 0.796610170 0.159043756 -0.583195783 0.249784028 0.791945953 0.557162047 0.550472685 -0.589513944 0.591145610
104 0.932203390 -0.231002817 -0.278629752 0.113675310 0.917745829 -0.380552909 0.343620087 0.323079389 0.881785090
105 0.966101695 -0.119036470 -0.229080409 0.211254518 0.874561795 0.436478174 0.148388153 -0.470076575 0.870062624
106 0.864406780 -0.426235036 -0.266691982 0.463229322 0.881366269 0.092801376 0.195498119 -0.203757684 0.959303545
107 0.728813560 -0.560301893 0.393563952 0.644108948 0.756014611 -0.116471332 -0.232280990 0.338383949 0.911889162
108 0.830508475 -0.399070696 -0.388584936 0.547360944 0.713983298 0.436604909 0.103206930 -0.575300295 0.811404893
109 0.593220339 -0.782040059 -0.191057520 0.605849679 0.589967773 -0.533745439 0.530128094 0.200876513 0.823779601
110 0.864406780 -0.360229518 -0.350764328 0.341050523 0.932686955 -0.117386476 0.369439386 -0.018158692 0.929077393
111 0.966101695 -0.131059917 0.222420353 0.232168038 0.817837648 -0.526535454 -0.112896045 0.560325691 0.820542261
112 0.864406780 -0.378387404 0.331094989 0.488428265 0.788223974 -0.374353839 -0.119326231 0.485310147 0.866161250
113 0.796610169 -0.278727361 -0.536398449 0.410035010 0.901154750 0.140681937 0.444166105 -0.332010805 0.832157014
114 0.593220339 0.371197973 -0.714354040 -0.170171497 0.925120299 0.339402555 0.786848963 -0.079777802 0.611967492
115 0.898305085 0.330658713 0.289331627 -0.426819339 0.813006000 0.396038504 -0.104274766 -0.479255736 0.871458957
116 1.000000000 0.000000000 -0.000000000 -0.000000000 0.833313919 -0.552800065 0.000000000 0.552800065 0.833313919
117 0.966101695 0.106675602 0.235091112 -0.232168038 0.757237145 0.610483340 -0.112896045 -0.644369632 0.756334754
118 0.898305085 0.115599966 -0.423892230 0.298031398 0.548569951 0.781183906 0.322839372 -0.828074669 0.458330757
119 0.932203390 0.149555893 0.329590465 -0.131802405 0.988380961 -0.075704702 -0.337083025 0.027131364 0.941083909
120 0.627118644 -0.756669814 -0.184859403 0.717631780 0.653543271 -0.240594725 0.302864384 0.018220455 0.952859475
121 0.694915254 -0.609598742 -0.381421242 0.662507743 0.748988662 0.009973726 0.279600215 -0.259625420 0.924347533
122 0.661016949 -0.478919908 -0.577661073 0.508985511 0.851827243 -0.123790538 0.551353192 -0.212193472 0.806835539
123 0.593220339 -0.723982365 -0.352049947 0.704219397 0.678575216 -0.208831789 0.390082901 -0.124037137 0.912387044
124 0.593220339 -0.658766583 0.462726938 0.682460244 0.716398247 0.144988161 -0.427010123 0.229782813 0.874564014
125 0.661016949 -0.636115305 -0.398012451 0.508985511 0.769843023 -0.385065541 0.551353192 0.051952278 0.832652760
126 0.966101695 -0.119036470 -0.229080409 0.225830413 0.819641150 0.526487427 0.125092525 -0.560373719 0.818738759
127 0.966101695 0.027440918 0.256699262 -0.142711860 0.885360243 0.442459676 -0.215129821 -0.464095072 0.859264176
128 0.966101695 -0.247169797 0.074529233 0.232168038 0.958081194 0.167864315 -0.112896045 -0.144870694 0.982988792
129 0.966101695 0.027440918 0.256699262 0.119036470 0.834975313 -0.537258360 -0.229080409 0.549602786 0.803404595
130 0.966101695 0.013739932 -0.257795906 -0.106675602 0.930590684 -0.350173235 0.235091112 0.365803489 0.900510953
131 0.898305085 -0.345588927 -0.271323180 0.437971535 0.753580627 0.490201155 0.035055801 -0.559182020 0.828303422
132 0.932203390 0.231002817 -0.278629752 0.038471317 0.702230925 0.710909056 0.359884423 -0.673431086 0.645735066
133 0.898305085 -0.280426783 -0.338243690 0.431764136 0.706051703 0.561311611 0.081410724 -0.650270568 0.755328062
134 0.830508475 -0.500922244 -0.243582797 0.282772892 0.755932561 -0.590428196 0.479890785 0.421477008 0.769455630
135 0.796610169 -0.512449844 -0.320635924 0.494658605 0.857490471 -0.141502494 0.347455180 -0.045882993 0.936573355
136 0.762711864 -0.235516643 -0.602330908 0.267240205 0.962876624 -0.038095663 0.588942514 -0.131911022 0.797336941
137 0.898305085 -0.314791211 -0.306519932 0.046702408 0.762089439 -0.645785236 0.436883119 0.565796943 0.699290326
138 0.966101695 -0.232168038 -0.112896045 0.153959271 0.869171723 -0.469933037 0.207229481 0.436621711 0.875452696
139 0.796610169 0.096152829 -0.596797178 0.454924043 0.554768001 0.696617959 0.398065765 -0.826430335 0.398191597
140 0.728813559 0.180149535 -0.660588329 0.072780446 0.938920202 0.336350802 0.680833168 -0.293214938 0.671186410
141 0.898305085 -0.298031398 0.322839372 0.280426783 0.954556060 0.100913564 -0.338243690 -0.000118361 0.941058549
142 0.932203390 0.183741948 0.311826452 -0.166885448 0.982712805 -0.080154794 -0.321163646 0.022681273 0.946752065
143 0.728813559 0.378508948 -0.570580207 -0.144736261 0.899647411 0.411929547 0.669240025 -0.217636193 0.710459201
144 0.796610170 -0.494658605 0.347455180 0.568647077 0.808202925 -0.153129140 -0.205067646 0.319563603 0.925108839
145 0.796610169 -0.512449844 -0.320635924 0.454924043 0.857509680 -0.240252500 0.398065765 0.045522594 0.916226686
146 0.898305085 -0.280426783 -0.338243690 0.420664676 0.771171304 0.477845216 0.126843231 -0.571537959 0.810712746
147 0.728813560 -0.672855808 0.126869450 0.615769986 0.725109631 0.308291011 -0.299429657 -0.146564270 0.942794143
148 0.932203390 0.259310667 -0.252497164 0.038471317 0.622687645 0.781524187 0.359884423 -0.738253395 0.570495510
149 0.898305085 -0.439216542 -0.011696318 0.437971535 0.897247908 -0.055920716 0.035055801 0.045111209 0.998366701
150 0.898305085 -0.092875659 0.429443927 0.160002052 0.979440163 -0.122867044 -0.409203272 0.179084000 0.894696375
151 0.932203390 -0.245504697 0.265940376 0.200077612 0.961846604 0.186601340 -0.301605353 -0.120741686 0.945756658
152 0.966101695 0.000000000 0.258161800 -0.142711860 0.833313919 0.534061080 -0.215129821 -0.552800065 0.805065990
153 0.932203390 0.215846134 0.290529321 -0.340472216 0.795279822 0.501606096 -0.122782370 -0.566516064 0.814852157
154 0.796610169 0.159043756 -0.583195783 0.306880612 0.724797929 0.616840540 0.520803733 -0.670352926 0.528573956
155 0.966101695 0.232168038 -0.112896045 -0.247169797 0.958081194 -0.144870694 0.074529233 0.167864315 0.982988792
156 0.966101695 0.153959271 0.207229481 -0.067923032 0.926017337 -0.371319744 -0.249066210 0.344656980 0.905084300
157 0.966101695 -0.218852646 -0.136934417 0.225830413 0.973444839 0.037493611 0.125092525 -0.067146597 0.989870292
158 0.762711864 -0.170158542 -0.623952468 0.486716447 0.786330085 0.380515568 0.425884623 -0.593911666 0.682562247
159 0.898305085 0.439216542 -0.011696318 -0.437971535 0.897247908 0.055920716 0.035055801 -0.045111209 0.998366701
160 0.966101695 -0.067923032 -0.249066210 0.211254518 0.762535761 0.611482413 0.148388153 -0.643370558 0.751036139
161 0.762711864 -0.608387025 -0.219398816 0.565742914 0.792006352 -0.229479613 0.313377675 0.050903498 0.948263290
162 0.762711864 -0.463360116 -0.451185123 0.438690340 0.883265150 -0.165509701 0.475206689 -0.071694342 0.876948416
163 0.898305085 0.345588927 -0.271323180 -0.092875659 0.752925848 0.651518825 0.429443927 -0.560063354 0.708453917
164 0.966101695 0.232168038 -0.112896045 -0.237847559 0.970496355 -0.039564667 0.100379549 0.065075541 0.992818775
165 0.694915254 0.609598742 -0.381421242 -0.428842783 0.777097185 0.460666726 0.577223230 -0.156554588 0.801438709
166 0.898305085 0.384346625 0.212898206 -0.426819339 0.878350478 0.215234035 -0.104274766 -0.284214900 0.953073273
167 0.830508475 -0.472193155 -0.295447623 0.513176291 0.854890747 0.076235846 0.216577395 -0.214931232 0.952312343
168 0.762711864 -0.102872478 -0.638504397 0.203125483 0.975413881 0.085485666 0.614011930 -0.194897446 0.764855761
169 0.898305085 0.345588927 -0.271323180 -0.262027269 0.917065461 0.300553906 0.352689219 -0.198895030 0.914358290
170 0.966101695 0.153959271 0.207229481 -0.094012350 0.957406056 -0.273011579 -0.240435424 0.244274819 0.939425686
171 0.796610170 -0.556926985 0.235041637 0.568647077 0.822309118 0.021171114 -0.205067646 0.116790615 0.971754708
172 0.728813559 -0.464448389 0.503108825 0.538561446 0.842583004 -0.002334614 -0.422826637 0.272656514 0.864219914
173 0.830508475 0.256831286 -0.494260421 0.174942610 0.722177016 0.669220025 0.528820155 -0.642260110 0.554843396
174 0.966101695 -0.232168038 -0.112896045 0.247169797 0.958081194 0.144870694 0.074529233 -0.167864315 0.982988792
175 0.864406780 0.494086815 0.093161895 -0.502614933 0.854070270 0.133948505 -0.013384615 -0.162610556 0.986599544
176 0.932203390 0.360781010 0.028877373 -0.316607251 0.774197014 0.548068273 0.175375849 -0.520053887 0.835934965
177 0.593220339 -0.782040059 -0.191057520 0.791100167 0.610267278 -0.041645831 0.149164861 -0.126440482 0.980694983
178 0.966101695 -0.131059917 0.222420353 0.218852646 0.872763405 -0.436334228 -0.136934417 0.470220520 0.871861014
179 0.661016949 -0.345990428 -0.665843237 0.310062429 0.933996580 -0.177515290 0.683313898 -0.089112356 0.724666202
180 0.762711865 -0.034420826 -0.645821816 0.068744083 0.997240316 0.028035739 0.643074539 -0.065779620 0.762973249
181 0.728813559 -0.580454104 -0.363185667 0.598960955 0.797479839 -0.072606335 0.331777892 -0.164617552 0.928883465
182 0.966101695 0.211254518 0.148388153 -0.242852874 0.938673712 0.244773660 -0.087578516 -0.272512737 0.958158031
183 0.932203390 0.360781010 0.028877373 -0.346524408 0.866633141 0.358981662 0.104487678 -0.344650636 0.932897778
184 0.661016949 -0.414805121 -0.625294574 0.508985511 0.860159600 -0.032545553 0.551353192 -0.296752716 0.779709871
185 0.491525424 0.738260739 -0.461924063 -0.519354401 0.674271190 0.525004160 0.699052046 -0.018150597 0.714840396
186 0.661016949 0.674817716 -0.328142718 -0.508985511 0.724551749 0.464713366 0.551353192 -0.140163522 0.822413427
187 0.830508475 -0.355505834 -0.428802141 0.117741388 0.864485341 -0.488673777 0.544419543 0.355359954 0.759820152
188 0.864406780 -0.026759743 -0.502080507 -0.000000000 0.998582696 -0.053222175 0.502793118 0.046005609 0.863181652
189 0.864406779 0.132286159 -0.485078645 -0.255250871 0.946656930 -0.196691764 0.433183463 0.293838441 0.852062825
190 0.728813559 -0.615769986 -0.299429657 0.515294387 0.781229965 -0.352351298 0.450890775 0.102503982 0.886673809
191 0.966101695 -0.041064118 -0.254874976 0.081082609 0.985574858 0.148552377 0.245098196 -0.164182632 0.955495127
192 0.661016949 0.039936375 -0.749307466 0.447496753 0.780593295 0.436372277 0.602331511 -0.623762130 0.498114000
193 0.593220339 0.723982365 -0.352049947 -0.546068257 0.683194864 0.484823924 0.591522686 -0.095364111 0.800628877
194 0.830508475 0.556808594 -0.014827790 -0.513176291 0.775236944 0.368317491 0.216577395 -0.298281528 0.929581821
195 0.661016949 0.119356630 -0.740817513 0.235674047 0.904287038 0.355981315 0.712400405 -0.409901144 0.569619799
196 0.728813559 -0.180149535 -0.660588329 0.282931424 0.957785728 0.050953980 0.623522738 -0.224037149 0.749017190
197 0.593220339 0.293163881 -0.749763008 -0.000000000 0.931336177 0.364160575 0.805040141 -0.216027460 0.552487563
198 0.491525424 0.783177863 -0.380834863 -0.590716834 0.621159535 0.514989761 0.639887787 -0.028164996 0.767952051
199 0.864406780 -0.106281728 0.491431698 0.183097431 0.976830766 -0.110801560 -0.468269420 0.185757501 0.863839048
200 0.728813560 -0.615769986 -0.299429657 0.672855808 0.725109631 0.146564270 0.126869450 -0.308291011 0.942794143
201 0.661016949 -0.119356630 -0.740817513 0.447496753 0.855196049 0.261507884 0.602331511 -0.504374576 0.618710788
202 0.796610169 -0.334163976 -0.503732742 0.454924043 0.880153393 0.135551168 0.398065765 -0.337141574 0.853158371
203 0.966101695 0.054570919 0.252328219 0.041064118 0.932475949 -0.358890433 -0.254874976 0.357086291 0.898625688
204 0.898305085 -0.023384347 -0.438749527 0.137996592 0.963067952 0.231207828 0.417138964 -0.268241107 0.868355799
205 0.593220339 -0.782040059 -0.191057520 0.658766583 0.607977352 -0.443159259 0.462726938 0.137028776 0.875846388
206 0.830508475 -0.059206108 0.553850440 0.256831286 0.923029206 -0.286452046 -0.494260422 0.380146973 0.781789559
207 0.966101695 -0.194285025 0.170002483 0.242852874 0.907338092 -0.343161869 -0.087578516 0.372814855 0.923763545
208 0.898305085 0.000000000 0.439372251 0.202591250 0.887352075 -0.414201739 -0.389877878 0.461092501 0.797112881
209 0.661016949 0.345990428 -0.665843237 -0.000000000 0.887352075 0.461092502 0.750370970 -0.304789959 0.586554762
210 0.966101695 0.067923032 -0.249066210 -0.106675602 0.983583026 -0.145549807 0.235091112 0.167185203 0.957486959
211 0.661016949 -0.743732311 -0.099593383 0.743732311 0.631756366 0.218508909 -0.099593383 -0.218508909 0.970739417
212 0.966101695 0.054570919 0.252328219 -0.218852646 0.691557069 0.688369333 -0.136934417 -0.720257478 0.680057447
213 0.864406780 -0.463229322 0.195498119 0.395472709 0.866508971 0.304571074 -0.310487126 -0.185959130 0.932210784
214 0.864406780 -0.341050523 0.369439386 0.395472709 0.914925679 -0.080699055 -0.310487126 0.215860005 0.925744135
215 0.898305085 -0.023384347 -0.438749527 0.359539532 0.613095613 0.703452268 0.252545638 -0.789662549 0.559154504
216 0.728813559 -0.378508948 -0.570580206 0.282931424 0.925322938 -0.252442605 0.623522738 0.022548523 0.781479980
217 0.762711864 -0.463360116 -0.451185123 0.267240205 0.861087344 -0.432563589 0.588942514 0.209346577 0.780589986
218 0.966101695 -0.184961762 -0.180101809 0.106675602 0.921300630 -0.373932434 0.235091112 0.342044290 0.909801007
219 0.830508474 0.029645070 -0.556216544 0.230161663 0.891079541 0.391155800 0.507229024 -0.452877931 0.733225952
220 0.728813559 -0.615769986 -0.299429657 0.408340006 0.741909255 -0.531816789 0.549626451 0.265326179 0.792157045
221 0.796610170 -0.159043756 -0.583195783 0.064253708 0.981580337 -0.179920826 0.601068797 0.105854268 0.792156029
222 0.661016949 -0.636115305 -0.398012451 0.691325763 0.722513140 -0.006591804 0.291762374 -0.270798967 0.917356330
223 0.864406780 -0.207760243 0.457860897 0.320904783 0.929007832 -0.184294788 -0.387067229 0.306235416 0.869711924
224 1.000000000 -0.000000000 0.000000000 0.000000000 0.530420908 0.847734428 -0.000000000 -0.847734428 0.530420908
225 0.661016949 -0.674817716 -0.328142718 0.656396825 0.731909796 -0.182896853 0.363592907 -0.094493919 0.926752986
226 0.932203390 -0.360781010 0.028877373 0.358732757 0.931600117 0.058583546 -0.048037995 -0.044252521 0.997864753
227 0.898305085 0.069888086 -0.433778319 0.298031398 0.628496952 0.718448931 0.322839372 -0.774665887 0.543753164
228 0.966101695 0.184961762 -0.180101809 -0.211254518 0.967394506 -0.139711841 0.148388153 0.173023168 0.973675480
229 0.830508475 0.307912948 -0.464160845 -0.174942610 0.935340474 0.307462648 0.528820155 -0.174148825 0.830675286
230 0.898305085 0.280426783 -0.338243690 -0.046702408 0.826414814 0.561121591 0.436883119 -0.488261584 0.755469236
231 0.830508475 0.547360944 0.103206929 -0.547360944 0.767663620 0.333299510 0.103206929 -0.333299510 0.937155145
232 0.898305085 -0.384346625 0.212898206 0.345588927 0.917297548 0.197821893 -0.271323180 -0.104129150 0.956838990
233 0.830508475 -0.556808594 -0.014827790 0.541092270 0.800177084 0.258719518 -0.132192394 -0.222891955 0.965838676
234 0.559322034 -0.745485203 -0.362506104 0.725135260 0.651907926 -0.221799256 0.401668666 -0.138808747 0.905204073
235 0.898305085 -0.314791211 -0.306519932 0.223054265 0.927779335 -0.299119208 0.378542956 0.200329727 0.903644416
236 0.830508475 -0.307912948 -0.464160845 0.174942610 0.935340474 -0.307462648 0.528820155 0.174148825 0.830675286
237 0.728813559 -0.347604967 0.589916590 0.538561446 0.823049987 -0.180389266 -0.422826637 0.449176474 0.787056624
238 0.932203390 0.340472216 -0.122782370 -0.296172297 0.912579554 0.281922910 0.208035599 -0.226444756 0.951548192
239 0.898305085 0.404798918 0.170838553 -0.431764136 0.741243548 0.513943318 0.081410724 -0.535439856 0.840640503
240 0.932203390 0.355667637 0.067062448 -0.351594339 0.933863459 -0.065425226 -0.085896805 0.037410841 0.995601410
241 0.796610169 0.220132654 -0.562986547 -0.127779395 0.971611972 0.199104503 0.590833872 -0.086670591 0.802124395
242 0.966101695 0.253691503 0.047834471 -0.250786090 0.966223078 -0.059323700 -0.061268688 0.045316508 0.997092053
243 0.864406780 -0.341050523 0.369439386 0.452167950 0.848622406 -0.274561754 -0.219875111 0.404381691 0.887767077
244 0.830508474 -0.355505834 -0.428802141 0.282772892 0.932350601 -0.225303900 0.479890785 0.065863177 0.874852488
245 0.728813559 0.490566670 -0.477676813 -0.464448389 0.866791215 0.181550776 0.503108825 0.089539559 0.859572090
246 0.661016949 -0.197424526 -0.723933802 0.310062429 0.950415071 0.023926601 0.683313898 -0.240280562 0.689454399
247 0.593220339 -0.682460244 -0.427010123 0.546068257 0.730858053 -0.409458136 0.591522686 0.009722221 0.806229738
248 0.830508475 -0.552078065 -0.073928914 0.547360944 0.833499619 -0.075328492 0.103206929 0.022095151 0.994414468
249 0.864406780 -0.299849404 0.403597887 0.426235036 0.862785514 -0.271891248 -0.266691982 0.407052198 0.873603969
250 0.525423729 -0.826532095 -0.201927217 0.783889733 0.562527340 -0.262830514 0.330827436 -0.020191283 0.943475235
251 0.932203390 -0.358732757 -0.048037995 0.351594339 0.866059195 0.355419318 -0.085896805 -0.348212980 0.933471724
252 0.830508475 0.029645070 -0.556216544 0.332180191 0.775213639 0.537308230 0.447115191 -0.631003157 0.633973992
253 0.966101695 -0.106675602 0.235091112 0.094012350 0.993481828 0.064463439 -0.240435424 -0.040176770 0.969833302
254 0.966101695 0.250786090 -0.061268688 -0.257338782 0.954443508 -0.151044170 0.020597725 0.161690839 0.986626478
255 0.762711864 0.170158542 -0.623952468 0.328326989 0.729325664 0.600237840 0.557200144 -0.662668957 0.500397695
256 0.932203390 -0.351594339 -0.085896805 0.358732757 0.866059195 0.348212980 -0.048037995 -0.355419318 0.933471724
257 0.830508475 0.500922244 -0.243582797 -0.419186427 0.850056679 0.318883023 0.366794783 -0.162728450 0.915959081
258 0.932203390 -0.358732757 -0.048037995 0.340472216 0.824140025 0.452627760 -0.122782370 -0.438296734 0.890404662
259 0.932203390 0.284680424 -0.223503683 -0.333454918 0.915638420 -0.224530847 0.140729022 0.283836819 0.948489327
260 0.932203390 -0.245504697 0.265940376 0.095225989 0.875252713 0.474199007 -0.349183120 -0.416725487 0.839291974
261 0.932203390 0.183741949 0.311826452 -0.340472216 0.737456943 0.583297461 -0.122782370 -0.649920114 0.750018890
262 0.932203390 0.333454918 0.140729022 -0.361806590 0.868896484 0.337808956 -0.009634895 -0.365823342 0.930634435
263 0.932203390 -0.183741948 0.311826452 0.166885448 0.982712805 0.080154794 -0.321163646 -0.022681273 0.946752065
264 0.796610170 0.220132654 -0.562986547 0.064253708 0.895224867 0.440957932 0.601068797 -0.387445546 0.699000894
265 0.796610169 -0.410035010 0.444166105 0.512449844 0.847812961 -0.136412392 -0.320635924 0.336280350 0.885498803
266 0.932203390 -0.272381593 0.238338221 0.340472216 0.883340006 -0.322163163 -0.122782370 0.381469135 0.916190913
267 0.966101695 0.253691503 0.047834471 -0.255877799 0.965566080 0.046996770 -0.034264661 -0.057643438 0.997749050
268 0.966101695 0.237847559 0.100379549 -0.257338782 0.856220725 0.447954040 0.020597725 -0.458600708 0.888403694
269 0.932203390 0.360781010 0.028877373 -0.355667637 0.898357609 0.257787002 0.067062448 -0.250580664 0.965770138
270 0.864406780 0.320904783 -0.387067229 -0.378387404 0.922139688 -0.080506946 0.331094989 0.216052114 0.918530126
271 0.966101695 -0.253691503 0.047834471 0.203057566 0.861150999 0.466032811 -0.159421266 -0.440521938 0.883473419
272 0.864406780 0.395472709 -0.310487126 -0.299849404 0.901164659 0.313037686 0.403597887 -0.177492518 0.897555097
273 0.694915254 -0.515198054 -0.501660996 0.365058234 0.853802267 -0.371152496 0.619536339 0.074784054 0.781397511
274 0.966101695 -0.013739932 -0.257795906 -0.000000000 0.998582696 -0.053222175 0.258161800 0.051418033 0.964732435
275 0.728813559 -0.490566670 -0.477676813 0.515294387 0.852363197 -0.089155341 0.450890775 -0.181166559 0.874000107
276 0.932203390 -0.113675310 0.343620087 0.259310667 0.872096321 -0.414977090 -0.252497164 0.475947404 0.842448367
277 0.864406780 0.502614933 -0.013384615 -0.481385212 0.834993938 0.266558439 0.145152324 -0.223971766 0.963725817
278 0.864406780 0.231834136 -0.446154516 0.207760243 0.643359061 0.736834310 0.457860896 -0.729617744 0.507958017
279 0.694915254 -0.565602650 -0.444056789 0.588434687 0.802218767 -0.100943892 0.413324823 -0.191150968 0.890294276
280 0.661016949 0.119356630 -0.740817513 0.447496753 0.729787547 0.516872123 0.602331511 -0.673174666 0.428990234
281 0.898305085 0.395132795 -0.192140702 -0.384346625 0.918580826 0.092124578 0.212898206 -0.008907347 0.977033783
282 0.796610169 -0.568647077 -0.205067646 0.306880612 0.672702861 -0.673271974 0.520803733 0.473404017 0.710388703
283 0.830508475 -0.332180191 0.447115191 0.355505834 0.934069476 0.033612746 -0.428802141 0.131036388 0.893844611
284 0.728813559 0.684469545 -0.018227396 -0.598960955 0.650212257 0.467407525 0.331777892 -0.329735444 0.883854042
285 0.796610169 -0.512449844 -0.320635924 0.306880612 0.799820053 -0.515860614 0.520803733 0.312542863 0.794405709
286 0.796610169 0.278727361 -0.536398449 0.127779395 0.789657768 0.600094188 0.590833872 -0.546581803 0.593433795
287 0.932203390 0.346524408 0.104487678 -0.351594339 0.935527212 0.034209023 -0.085896805 -0.068627044 0.993937658
288 0.966101695 -0.175114205 0.189690618 0.067923032 0.881302394 0.467645754 -0.249066210 -0.438908994 0.863322025
289 0.796610169 0.512449844 -0.320635924 -0.360500116 0.828510182 0.428498009 0.485233865 -0.225756584 0.844737865
290 0.864406779 0.320904783 -0.387067229 0.000000000 0.769833983 0.638244184 0.502793118 -0.551702599 0.665449714
291 0.932203390 0.361806590 -0.009634895 -0.346524408 0.899880904 0.264830501 0.104487678 -0.243537165 0.964246843
292 0.796610169 0.599145318 -0.080231702 -0.494658605 0.722390086 0.483182603 0.347455180 -0.345220874 0.871835676
293 0.932203390 -0.166885448 -0.321163646 -0.038471317 0.836636708 -0.546405506 0.359884423 0.521716654 0.773495272
294 0.966101695 -0.237847559 0.100379549 0.142711860 0.816049467 0.560086236 -0.215129821 -0.526774910 0.822330441
295 0.661016949 0.345990428 -0.665843237 -0.079759546 0.914722235 0.396133370 0.746119969 -0.208743518 0.632242941
296 0.932203390 0.351594339 -0.085896805 -0.355667637 0.933863459 -0.037410841 0.067062448 0.065425226 0.995601410
297 0.694915254 -0.676449699 -0.243943833 0.541167351 0.715353407 -0.442049094 0.473530029 0.175172220 0.863182487
298 0.762711864 -0.608387025 -0.219398816 0.619201637 0.784869809 -0.023847770 0.186708180 -0.117663129 0.975343757
299 0.864406780 0.472977620 -0.170566967 -0.341050523 0.800831651 0.492293822 0.369439386 -0.367370164 0.853553573
300 0.966101695 0.000000000 0.258161800 0.041064118 0.987268355 -0.153671513 -0.254874976 0.159063496 0.953801631
301 0.728813559 0.315715661 -0.607580791 -0.144736261 0.938336156 0.313969224 0.669240025 -0.140886056 0.729567618
302 0.694915254 0.189194855 -0.693756511 0.225849939 0.858524410 0.460355995 0.682703885 -0.476593269 0.553872062
303 0.830508475 0.547360944 0.103206929 -0.555230259 0.798742219 0.231797814 0.044441339 -0.249813659 0.967273541
304 0.796610169 -0.587222933 -0.143462417 0.494658605 0.769656765 -0.403659917 0.347455180 0.250594676 0.903591283
305 0.627118644 -0.700495576 -0.340629057 0.528353198 0.703873307 -0.474768645 0.572333036 0.117763817 0.811521151
306 0.898305085 -0.069888086 -0.433778319 0.137996592 0.982187866 0.127530140 0.417138964 -0.174420903 0.891948672
307 0.864406780 -0.183097431 -0.468269420 0.439824859 0.726640190 0.527776589 0.243628843 -0.662170194 0.708643508
308 0.966101695 -0.094012350 -0.240435424 0.247169797 0.605705789 0.756325055 0.074529233 -0.790115292 0.608410403
309 0.796610169 -0.512449844 -0.320635924 0.249784028 0.762067642 -0.597378313 0.550472685 0.395787906 0.735072619
310 0.966101695 -0.250786090 -0.061268688 0.258070311 0.931849712 0.255060442 -0.006872402 -0.262225955 0.964982030
311 0.898305085 -0.431764136 0.081410724 0.413317593 0.893260434 0.176789037 -0.149052144 -0.125162006 0.980876104
312 0.864406780 -0.207760243 0.457860897 0.277944068 0.956295646 -0.090806010 -0.418984503 0.205753051 0.884374167
313 0.830508475 0.438113929 -0.343964910 -0.455799548 0.889491624 0.032425640 0.320160031 0.129849282 0.938422463
314 0.898305085 0.404798917 0.170838553 -0.439216542 0.837676638 0.324633147 -0.011696318 -0.366654725 0.930283564
315 0.593220339 -0.757301476 -0.273100905 0.791100167 0.611236673 0.023457537 0.149164861 -0.229965660 0.961699350
316 0.932203390 -0.166885448 -0.321163646 0.113675310 0.977450157 -0.177958182 0.343620087 0.129384844 0.930153105
317 0.627118644 -0.637395466 0.447715564 0.700495576 0.712861380 0.033683832 -0.340629057 0.292499012 0.893541366
318 0.796610170 -0.220132654 -0.562986547 0.360500116 0.920596992 0.150136090 0.485233865 -0.322556652 0.812714773
319 0.966101695 0.081082609 0.245098196 -0.184961762 0.879724198 0.438034796 -0.180101809 -0.468519953 0.864900221
320 0.932203390 0.272381593 0.238338221 -0.284680424 0.958451461 0.018106707 -0.223503683 -0.084729360 0.971013408
321 0.932203390 -0.361806590 -0.009634895 0.333454918 0.868896484 -0.365823342 0.140729022 0.337808956 0.930634435
322 0.864406780 -0.426235036 -0.266691982 0.439824859 0.898031267 -0.009692080 0.243628843 -0.108919864 0.963733080
323 0.661016949 0.039936375 -0.749307466 0.310062429 0.894807008 0.321219099 0.683313898 -0.444663361 0.579099829
324 0.966101695 -0.242852874 -0.087578516 0.232168038 0.668954126 0.706114990 -0.112896045 -0.702511821 0.702660390
325 0.932203390 0.000000000 0.361934856 0.019262960 0.998582696 -0.049613892 -0.361421884 0.053222175 0.930882174
326 0.796610169 -0.587222933 -0.143462417 0.410035010 0.699293771 -0.585542067 0.444166105 0.407624152 0.797846490
327 0.898305085 0.372470984 -0.233052228 -0.223054265 0.843586064 0.488476558 0.378542956 -0.386817682 0.840878892
328 0.864406780 -0.183097431 -0.468269420 0.411437004 0.792908006 0.449462441 0.288999154 -0.581181749 0.760728114
329 0.661016949 -0.414805121 -0.625294574 0.447496753 0.886829504 -0.115239256 0.602331511 -0.203642190 0.771833278
330 0.932203390 0.351594339 -0.085896805 -0.346524408 0.935527212 0.068627044 0.104487678 -0.034209023 0.993937658
331 0.932203390 0.019262960 -0.361421884 0.215846134 0.771985846 0.597869802 0.290529321 -0.635347773 0.715489987
332 0.796610169 0.278727361 -0.536398449 0.189857291 0.727086114 0.659772682 0.573904563 -0.627420784 0.526285771
333 0.627118644 0.359155900 -0.691179605 -0.244641810 0.933268267 0.262984270 0.739508344 0.004169090 0.673134480
334 0.796610169 -0.604279147 -0.016091929 0.587222933 0.767258927 0.257842909 -0.143462417 -0.214849833 0.966052837
335 0.898305085 0.395132795 -0.192140702 -0.181553968 0.732043468 0.656620527 0.400107650 -0.554961652 0.729336297
336 0.864406780 -0.000000000 0.502793118 0.183097431 0.931336178 -0.314782870 -0.468269420 0.364160575 0.805053306
337 0.762711864 -0.486716447 0.425884623 0.463360116 0.870640634 0.165173511 -0.451185123 0.071358152 0.889572931
338 0.728813559 0.580454104 -0.363185667 -0.408340006 0.794234851 0.449943820 0.549626451 -0.179621920 0.815871761
339 0.728813559 -0.378508948 -0.570580206 0.560301893 0.808662868 0.179237703 0.393563952 -0.450328038 0.801443744
340 0.864406780 -0.320904783 -0.387067229 0.481385212 0.750457099 0.452860266 0.145152324 -0.577783924 0.803179021
341 0.864406780 -0.299849404 0.403597887 0.183097431 0.935320617 0.302738623 -0.468269420 -0.187791582 0.863399138
342 0.898305085 -0.242885009 -0.366135012 0.330658713 0.922460631 0.199326866 0.289331627 -0.300122069 0.908963120
343 0.966101695 -0.119036470 -0.229080409 0.237847559 0.755433643 0.610531367 0.100379549 -0.644321604 0.758138257
344 0.830508475 -0.088599320 -0.549914388 0.282772892 0.917649551 0.279211019 0.479890785 -0.387388000 0.787169215
345 0.864406780 -0.255250871 0.433183463 0.231834137 0.966842913 0.107087412 -0.446154516 0.007859629 0.894921434
346 0.796610169 -0.587222933 -0.143462417 0.306880612 0.597327439 -0.740961686 0.520803733 0.546231780 0.656044446
347 0.966101695 -0.250786090 -0.061268688 0.250786090 0.855363057 0.453277374 -0.061268688 -0.453277374 0.889261362
